[sccisim]
use_fmgen=1
debuglog=0
pcmlog=0
soundlog=0
outportlog=0
pcm_blocklen=0
nlgmode=0
freq=44100
maxchip=8
chiptype0=1
chiptype1=1
chiptype2=2
chiptype3=2
chiptype4=10
chiptype5=10
chiptype6=6
chiptype7=6
chipclock0=0
chipclock1=0
chipclock2=0
chipclock3=0
chipclock4=0
chipclock5=0
chipclock6=0
chipclock7=0
chipvol0=1.000000
chipvol1=1.000000
chipvol2=1.000000
chipvol3=1.000000
chipvol4=1.000000
chipvol5=1.000000
chipvol6=1.000000
chipvol7=1.000000
